42 5
88 5
16 1
71 1
101 3
7 3
60 7
34 1
4 7
12 3
94 1
52 1
9 5
83 1
27 3
19 5
87 5
19 1
71 7
82 7
73 5
80 3
7 7
26 7
69 1
39 5
63 5
105 1
72 1
38 3
41 5
17 3
30 1
40 5
54 3
31 1
37 1
35 7
102 7
37 1
59 7
68 5
21 1
40 3
55 1
15 1
9 1
83 7
24 3
31 7
97 1
70 7
81 7
49 7
84 1
50 1
30 5
66 3
46 3
13 1
19 1
89 7
5 1
34 5
51 3
25 5
57 5
70 5
29 5
5 5
82 3
62 3
72 5
10 5
7 1
68 1
71 3
96 3
98 3
91 1
46 1
76 3
75 7
22 7
92 7
75 7
96 5
101 1
90 5
50 1
52 1
60 5
52 5
10 1
18 3
49 3
5 5
13 7
28 1
46 7
94 1
100 5
7 1
23 1
84 5
38 7
15 7
61 1
63 5
17 7
105 5
89 1
64 5
66 3
32 1
76 5
86 1
85 1
43 1
68 3
59 1
17 1
51 7
21 1
71 3
101 5
101 7
102 1
67 7
44 7
31 7
92 1
88 7
41 7
18 7
95 5
33 7
16 3
65 5
30 1
35 5
100 3
49 1
103 3
34 7
77 5
48 3
78 7
27 7
94 5
47 1
101 7
6 3
94 3
50 3
81 1
43 5
45 3
95 7
105 3
17 5
50 3
74 1
65 1
83 3
61 3
93 3
91 1
97 3
42 1
13 5
38 3
15 3
100 7
56 5
102 1
98 1
22 7
81 5
22 3
60 1
30 7
11 5
12 7
59 1
16 1
58 5
42 7
26 7
22 5
44 5
71 5
94 3
12 7
91 5
99 5
84 7
4 5
82 1
86 3
72 7
32 7
74 1
52 7
47 7
64 3
55 5
74 3
8 5
16 3
73 1
22 5
96 5
12 5
28 5
89 7
26 3
20 7
4 7
61 5
91 5
76 3
34 3
41 7
27 1
32 3
30 5
50 7
6 7
57 1
27 1
84 1
70 1
76 1
44 5
104 3
105 7
32 7
36 7
77 3
42 1
79 7
91 3
28 7
47 7
95 1
83 7
45 1
37 5
55 1
47 5
35 3
98 5
43 1
95 3
80 3
45 7
90 3
103 1
64 7
93 5
44 3
44 3
11 3
24 1
80 7
7 5
68 7
69 1
4 5
70 5
12 1
89 5
40 7
42 5
85 1
57 1
39 5
80 5
77 1
35 3
104 1
20 5
55 5
104 7
105 7
73 3
102 5
46 7
48 1
77 7
80 1
79 1
18 1
61 3
98 3
93 1
33 3
28 5
17 7
72 1
11 1
14 1
90 1
81 3
54 1
58 5
20 3
91 3
53 3
99 1
40 1
104 7
45 5
29 3
89 3
39 7
25 7
101 5
28 7
82 5
33 1
97 5
97 7
25 1
88 1
53 1
56 5
47 5
14 7
19 7
32 5
74 7
103 7
32 5
53 7
79 1
56 3
66 1
21 3
35 1
69 3
58 3
60 3
67 3
31 3
69 7
57 3
37 5
43 7
63 7
31 5
33 3
105 1
14 3
35 1
39 3
86 5
101 1
70 7
77 5
58 7
10 7
29 7
86 7
29 1
71 1
69 5
75 1
48 5
4 3
15 5
74 5
13 7
21 7
6 5
97 5
95 5
62 1
36 5
23 7
47 1
99 5
26 5
28 3
10 1
53 3
31 3
41 3
70 3
24 5
6 7
96 7
25 3
33 7
4 1
88 1
89 1
99 3
16 7
85 7
26 3
78 1
56 7
95 1
16 7
33 1
66 5
63 7
6 1
36 7
14 5
49 5
87 1
98 7
53 5
48 7
93 1
65 5
99 7
65 7
94 5
41 5
96 7
7 3
90 1
49 7
29 7
20 1
27 5
50 5
13 5
25 7
67 1
54 5
9 5
51 5
34 7
92 5
4 1
32 1
80 1
23 5
79 3
78 5
30 3
10 7
36 3
87 3
72 3
5 3
37 7
74 7
73 5
62 7
89 5
27 5
36 1
18 3
95 7
76 5
59 5
103 7
98 7
37 3
41 3
97 1
52 7
26 1
5 7
40 5
54 5
18 5
21 7
6 5
78 3
23 5
75 1
60 5
10 3
19 5
73 7
56 3
57 3
63 3
52 3
100 5
62 5
12 1
12 5
19 7
49 1
6 1
19 3
68 1
77 1
49 3
11 7
83 5
34 3
80 5
95 3
12 3
81 3
6 3
54 7
59 3
65 7
40 3
47 3
9 3
13 1
75 5
87 5
70 1
50 5
87 7
9 7
68 5
102 3
15 5
48 5
36 5
65 1
45 7
46 5
39 1
7 7
59 5
83 1
46 3
14 7
72 3
82 3
88 3
39 7
57 5
87 7
62 7
63 3
80 7
94 7
88 7
20 1
34 5
90 3
78 3
53 7
18 1
68 7
44 1
11 7
59 3
71 7
10 3
75 5
44 1
91 7
15 3
64 7
38 5
81 5
100 1
27 7
82 5
67 5
88 5
34 1
51 1
25 3
9 7
84 5
61 7
50 7
77 7
9 1
20 7
8 5
85 5
66 7
23 3
73 7
58 7
62 1
106 1
35 5
61 1
101 3
5 1
23 3
13 3
83 5
21 5
21 3
14 1
22 1
5 7
5 3
96 1
81 1
92 7
63 1
23 1
46 1
57 7
90 7
13 3
15 7
21 5
24 7
53 5
51 3
51 7
82 1
33 5
31 1
43 5
33 5
93 7
14 5
42 7
73 3
85 3
54 7
83 3
81 7
62 5
69 3
97 3
104 5
105 5
98 5
24 5
58 1
66 1
56 7
18 7
58 3
20 5
45 1
29 5
30 7
43 3
61 5
28 1
38 7
43 3
102 7
46 5
76 7
99 7
79 5
96 3
92 3
104 1
78 5
82 7
53 1
65 3
86 1
55 7
17 5
94 7
70 3
56 1
32 3
16 5
24 3
40 1
31 5
37 3
86 5
68 3
102 5
73 1
67 7
87 3
79 3
60 7
103 5
56 1
48 7
28 3
102 3
79 7
89 3
87 1
77 3
90 7
69 7
92 1
100 1
49 5
8 1
93 7
30 3
74 5
85 3
99 3
40 7
20 3
25 1
84 7
47 3
86 3
51 1
39 3
39 1
36 3
78 7
64 3
90 5
19 3
60 3
72 5
22 1
11 1
15 1
55 3
11 5
24 7
64 5
25 5
65 3
78 1
36 1
16 5
7 5
44 7
38 1
64 1
17 1
86 7
48 3
84 3
88 3
92 3
76 7
103 1
48 1
67 5
45 5
72 7
18 5
67 3
66 5
92 5
58 1
75 3
43 7
55 7
84 3
79 5
64 1
8 3
26 5
41 1
100 3
54 1
91 7
60 1
93 3
17 3
8 7
42 3
97 7
55 3
93 5
105 3
23 7
29 1
57 7
10 5
38 5
14 3
71 5
99 1
98 1
52 5
11 3
22 3
59 7
37 7
76 1
24 1
9 3
26 1
54 3
4 3
75 3
41 1
96 1
104 5
8 7
74 3
29 3
38 1
35 7
103 5
45 3
8 3
100 7
51 5
52 3
104 3
85 7
27 3
8 1
103 3
61 7
42 3
66 7
67 1
63 1
62 3
69 5
849
1093.0
[33, 33, 35, 35, 37, 37, 39, 39, 41, 41, 43, 43, 45, 45, 47, 47, 49, 49, 51, 51, 53, 53, 55, 55, 57, 57, 59, 59, 61, 61, 63, 63, 65, 65, 67, 67, 69, 69, 71, 71, 73, 73, 75, 75, 77, 77, 79, 79, 81, 81, 83, 83, 85, 85, 87, 87, 89, 89, 91, 91, 93, 93, 95, 95, 97, 97, 99, 99, 101, 101, 103, 103, 105, 105, 107, 107, 109, 109, 111, 111, 113, 113, 115, 115, 117, 117, 119, 119, 121, 121, 123, 123, 125, 125, 127, 127, 129, 129, 131, 131, 133, 133, 135, 135, 137, 137, 139, 139, 141, 141, 143, 143, 145, 145, 147, 147, 149, 149, 151, 151, 153, 153, 155, 155, 157, 157, 159, 159, 161, 161, 163, 163, 165, 165, 167, 167, 169, 169, 171, 171, 173, 173, 175, 175, 177, 177, 179, 179, 181, 181, 183, 183, 185, 185, 187, 187, 189, 189, 191, 191, 193, 193, 195, 195, 197, 197, 199, 199, 201, 201, 203, 203, 205, 205, 207, 207, 209, 209, 211, 211, 213, 213, 215, 215, 217, 217, 219, 219, 221, 221, 223, 223, 225, 225, 227, 227, 229, 229, 231, 231, 233, 233, 235, 235, 237, 237, 239, 239, 241, 241, 243, 243, 245, 245, 247, 247, 249, 249, 251, 251, 253, 253, 255, 255, 257, 257, 259, 259, 261, 261, 263, 263, 265, 265, 267, 267, 269, 269, 271, 271, 273, 273, 275, 275, 277, 277, 279, 279, 281, 281, 283, 283, 285, 285, 287, 287, 289, 289, 291, 291, 293, 293, 295, 295, 297, 297, 299, 299, 301, 301, 303, 303, 305, 305, 307, 307, 309, 309, 311, 311, 313, 313, 315, 315, 317, 317, 319, 319, 321, 321, 323, 323, 325, 325, 327, 327, 329, 329, 331, 331, 333, 333, 335, 335, 337, 337, 339, 339, 341, 341, 343, 343, 345, 345, 347, 347, 349, 349, 351, 351, 353, 353, 355, 355, 357, 357, 359, 359, 361, 361, 363, 363, 365, 365, 367, 367, 369, 369, 371, 371, 373, 373, 375, 375, 377, 377, 379, 379, 381, 381, 383, 383, 385, 385, 387, 387, 389, 389, 391, 391, 393, 393, 395, 395, 397, 397, 399, 399, 401, 401, 403, 403, 405, 405, 407, 407, 409, 409, 411, 411, 413, 413, 415, 415, 417, 417, 419, 419, 421, 421, 423, 423, 425, 425, 427, 427, 429, 429, 431, 431, 433, 433, 435, 435, 437, 437, 439, 439, 441, 441, 443, 443, 445, 445, 447, 447, 449, 449, 451, 451, 453, 453, 455, 455, 457, 457, 459, 459, 461, 461, 463, 463, 465, 465, 467, 467, 469, 469, 471, 471, 473, 473, 475, 475, 477, 477, 479, 479, 481, 481, 483, 483, 485, 485, 487, 487, 489, 489, 491, 491, 493, 493, 495, 495, 497, 497, 499, 499, 501, 501, 503, 503, 505, 505, 507, 507, 509, 509, 511, 511, 513, 513, 515, 515, 517, 517, 519, 519, 521, 521, 523, 523, 525, 525, 527, 527, 529, 529, 531, 531, 533, 533, 535, 535, 537, 537, 539, 539, 541, 541, 543, 543, 545, 545, 547, 547, 549, 549, 551, 551, 553, 553, 555, 555, 557, 557, 559, 559, 561, 561, 563, 563, 565, 565, 567, 567, 569, 569, 571, 571, 573, 573, 575, 575, 577, 577, 579, 579, 581, 581, 583, 583, 585, 585, 587, 587, 589, 589, 591, 591, 593, 593, 595, 595, 597, 597, 599, 599, 601, 601, 603, 603, 605, 605, 607, 607, 609, 609, 611, 611, 613, 613, 615, 615, 617, 617, 619, 619, 621, 621, 623, 623, 625, 625, 627, 627, 629, 629, 631, 631, 633, 633, 635, 635, 637, 637, 639, 639, 641, 641, 643, 643, 645, 645, 647, 647, 649, 649, 651, 651, 653, 653, 655, 655, 657, 657, 659, 659, 661, 661, 663, 663, 665, 665, 667, 667, 669, 669, 671, 671, 673, 673, 675, 675, 677, 677, 679, 679, 681, 681, 683, 683, 685, 687, 687, 689, 689, 691, 691, 693, 693, 695, 695, 697, 697, 699, 699, 701, 701, 703, 703, 705, 705, 707, 707, 709, 709, 711, 711, 713, 713, 715, 715, 717, 717, 719, 719, 721, 721, 723, 723, 725, 725, 727, 727, 729, 729, 731, 731, 733, 733, 735, 735, 737, 737, 739, 739, 741, 741, 743, 743, 745, 745, 747, 747, 749, 749, 751, 751, 753, 753, 755, 755, 757, 757, 759, 759, 761, 761, 763, 763, 765, 765, 767, 767, 769, 769, 771, 771, 773, 773, 775, 775, 777, 777, 779, 779, 781, 781, 783, 783, 785, 785, 787, 787, 789, 789, 791, 791, 793, 793, 795, 795, 797, 797, 799, 799, 801, 801, 803, 803, 805, 805, 807, 807, 809, 809, 811, 811, 813, 813, 815, 815, 817, 817, 819, 819, 821, 821, 823, 823, 825, 825, 827, 827, 829, 829, 831, 831, 833, 833, 835, 835, 837, 837, 839, 839, 841, 841, 843, 843, 845, 845, 847, 847, 849]
816
